29758bc38b2f224b 
T225478 
[1, 7, 77, 1155, 21945, 504735, 13627845, 422463195, 14786211825, 576662261175](fe168076 Sum 29758bc3)
[1, 3, 37, 567, 10857, 250635, 6781005, 210474495, 7372664145, 287697435795](520b38d6 EvenSum 29758bc3)
[0, 4, 40, 588, 11088, 254100, 6846840, 211988700, 7413547680, 288964825380](9a96b364 OddSum 29758bc3)
[1, -1, -3, -21, -231, -3465, -65835, -1514205, -40883535, -1267389585](1db53bf4 AltSum 29758bc3)
[1, 3, 25, 271, 4005, 74955, 1702161, 45477287, 1397528221, 48555662371](ca736256 DiagSum 29758bc3)
[1, 40, 7136, 2346240, 1131902464](25e73776 Central 29758bc3)
[1, 3, 21, 231, 3465, 65835, 1514205, 40883535, 1267389585, 44358635475](59e30562 LeftSide 29758bc3)
[1, 4, 16, 64, 256, 1024, 4096, 16384, 65536, 262144](d6b5680b RightSide 29758bc3)
[1, 10, 180, 4680, 159120, 6683040, 334152000, 19380816000, 1279133856000, 94655905344000](c5d4be12 PosHalf 29758bc3)
[1, -2, 20, -360, 9360, -318240, 13366080, -668304000, 38761632000, -2558267712000](4fabcb01 NegHalf 29758bc3)
c7a2d1244007f670 
T132393 
[1, 1, 2, 6, 24, 120, 720, 5040, 40320, 362880](2c8fda89 Sum c7a2d124)
[1, 0, 1, 3, 12, 60, 360, 2520, 20160, 181440](e54bbd12 EvenSum c7a2d124)
[0, 1, 1, 3, 12, 60, 360, 2520, 20160, 181440](7f689d29 OddSum c7a2d124)
[1, -1, 0, 0, 0, 0, 0, 0, 0, 0](5e1e081d AltSum c7a2d124)
[1, 0, 1, 1, 3, 9, 36, 176, 1030, 7039](9087faf0 DiagSum c7a2d124)
[1, 1, 11, 225, 6769](271a7b76 Central c7a2d124)
[1, 0, 0, 0, 0, 0, 0, 0, 0, 0](29db0a91 LeftSide c7a2d124)
[1, 1, 1, 1, 1, 1, 1, 1, 1, 1](a38a0a11 RightSide c7a2d124)
[1, 1, 3, 15, 105, 945, 10395, 135135, 2027025, 34459425](7b386ac8 PosHalf c7a2d124)
[1, 1, -1, 3, -15, 105, -945, 10395, -135135, 2027025](9b8096ec NegHalf c7a2d124)
afb5459ba0f462bf 
T132393 inverted
[1, 1, 0, -1, 1, 2, -9, 9, 50, -267](db273e93 Sum afb5459b)
[1, 0, 1, -3, 8, -25, 97, -434, 2095, -10707](bcabe3c6 EvenSum afb5459b)
[0, 1, -1, 2, -7, 27, -106, 443, -2045, 10440](eb477415 OddSum afb5459b)
[1, -1, 2, -5, 15, -52, 203, -877, 4140, -21147](a0f89642 AltSum afb5459b)
[1, 0, 1, -1, 2, -4, 9, -22, 58, -164](884fa521 DiagSum afb5459b)
[1, -1, 7, -90, 1701](fba84ffe Central afb5459b)
[1, 0, 0, 0, 0, 0, 0, 0, 0, 0](29db0a91 LeftSide afb5459b)
[1, 1, 1, 1, 1, 1, 1, 1, 1, 1](a38a0a11 RightSide afb5459b)
[1, 1, -1, -1, 9, -23, -25, 583, -3087, 4401](fdfbdaf6 PosHalf afb5459b)
[1, 1, 3, 11, 49, 257, 1539, 10299, 75905, 609441](39f12a5b NegHalf afb5459b)
10b4dfac18b074bd 
T048993 
[1, 1, 2, 5, 15, 52, 203, 877, 4140, 21147](53bd9132 Sum 10b4dfac)
[1, 0, 1, 3, 8, 25, 97, 434, 2095, 10707](1610cd70 EvenSum 10b4dfac)
[0, 1, 1, 2, 7, 27, 106, 443, 2045, 10440](5da8bb2a OddSum 10b4dfac)
[1, -1, 0, 1, 1, -2, -9, -9, 50, 267](b674adeb AltSum 10b4dfac)
[1, 0, 1, 1, 2, 4, 9, 22, 58, 164](f76522f2 DiagSum 10b4dfac)
[1, 1, 7, 90, 1701](89f1c51f Central 10b4dfac)
[1, 0, 0, 0, 0, 0, 0, 0, 0, 0](29db0a91 LeftSide 10b4dfac)
[1, 1, 1, 1, 1, 1, 1, 1, 1, 1](a38a0a11 RightSide 10b4dfac)
[1, 1, 3, 11, 49, 257, 1539, 10299, 75905, 609441](39f12a5b PosHalf 10b4dfac)
[1, 1, -1, -1, 9, -23, -25, 583, -3087, 4401](fdfbdaf6 NegHalf 10b4dfac)
88ae941b5bbe5b17 
T048993 inverted
[1, 1, 0, 0, 0, 0, 0, 0, 0, 0](f6a0e0ff Sum 88ae941b)
[1, 0, 1, -3, 12, -60, 360, -2520, 20160, -181440](802023c3 EvenSum 88ae941b)
[0, 1, -1, 3, -12, 60, -360, 2520, -20160, 181440](12c1ba77 OddSum 88ae941b)
[1, -1, 2, -6, 24, -120, 720, -5040, 40320, -362880](a656616d AltSum 88ae941b)
[1, 0, 1, -1, 3, -9, 36, -176, 1030, -7039](e64e23c4 DiagSum 88ae941b)
[1, -1, 11, -225, 6769](ad28d0a8 Central 88ae941b)
[1, 0, 0, 0, 0, 0, 0, 0, 0, 0](29db0a91 LeftSide 88ae941b)
[1, 1, 1, 1, 1, 1, 1, 1, 1, 1](a38a0a11 RightSide 88ae941b)
[1, 1, -1, 3, -15, 105, -945, 10395, -135135, 2027025](9b8096ec PosHalf 88ae941b)
[1, 1, 3, 15, 105, 945, 10395, 135135, 2027025, 34459425](7b386ac8 NegHalf 88ae941b)
705572b13958d3e 
T271703 
[1, 1, 3, 13, 73, 501, 4051, 37633, 394353, 4596553](45a01ccc Sum 705572b1)
[1, 0, 1, 6, 37, 260, 2101, 19362, 201097, 2326536](8b18a768 EvenSum 705572b1)
[0, 1, 2, 7, 36, 241, 1950, 18271, 193256, 2270017](e9a7b35e OddSum 705572b1)
[1, -1, -1, -1, 1, 19, 151, 1091, 7841, 56519](cbabb881 AltSum 705572b1)
[1, 0, 1, 2, 7, 30, 157, 972, 6961, 56660](c68085b3 DiagSum 705572b1)
[1, 2, 36, 1200, 58800](506594ba Central 705572b1)
[1, 0, 0, 0, 0, 0, 0, 0, 0, 0](29db0a91 LeftSide 705572b1)
[1, 1, 1, 1, 1, 1, 1, 1, 1, 1](a38a0a11 RightSide 705572b1)
[1, 1, 5, 37, 361, 4361, 62701, 1044205, 19748177, 417787921](fa75ed2d PosHalf 705572b1)
[1, 1, -3, 13, -71, 441, -2699, 9157, 206193, -8443151](69b46157 NegHalf 705572b1)
357815ac34fba3b7 
T271703 inverted
[1, 1, -1, 1, 1, -19, 151, -1091, 7841, -56519](33dbfcb8 Sum 357815ac)
[1, 0, 1, -6, 37, -260, 2101, -19362, 201097, -2326536](ef132c1c EvenSum 357815ac)
[0, 1, -2, 7, -36, 241, -1950, 18271, -193256, 2270017](724e9728 OddSum 357815ac)
[1, -1, 3, -13, 73, -501, 4051, -37633, 394353, -4596553](5fe4f55a AltSum 357815ac)
[1, 0, 1, -2, 7, -30, 157, -972, 6961, -56660](faede368 DiagSum 357815ac)
[1, -2, 36, -1200, 58800](e9f49f7c Central 357815ac)
[1, 0, 0, 0, 0, 0, 0, 0, 0, 0](29db0a91 LeftSide 357815ac)
[1, 1, 1, 1, 1, 1, 1, 1, 1, 1](a38a0a11 RightSide 357815ac)
[1, 1, -3, 13, -71, 441, -2699, 9157, 206193, -8443151](69b46157 PosHalf 357815ac)
[1, 1, 5, 37, 361, 4361, 62701, 1044205, 19748177, 417787921](fa75ed2d NegHalf 357815ac)
bf94d3362d52da78 
T094587 
[1, 2, 5, 16, 65, 326, 1957, 13700, 109601, 986410](f6704d8d Sum bf94d336)
[1, 1, 3, 9, 37, 185, 1111, 7777, 62217, 559953](404ac8ad EvenSum bf94d336)
[0, 1, 2, 7, 28, 141, 846, 5923, 47384, 426457](84534b8b OddSum bf94d336)
[1, 0, 1, 2, 9, 44, 265, 1854, 14833, 133496](f6b656e4 AltSum bf94d336)
[1, 1, 3, 8, 31, 147, 853, 5824, 45741, 405845](44275fce DiagSum bf94d336)
[1, 2, 12, 120, 1680](64f3674e Central bf94d336)
[1, 1, 2, 6, 24, 120, 720, 5040, 40320, 362880](2c8fda89 LeftSide bf94d336)
[1, 1, 1, 1, 1, 1, 1, 1, 1, 1](a38a0a11 RightSide bf94d336)
[1, 3, 13, 79, 633, 6331, 75973, 1063623, 17017969, 306323443](636a3d99 PosHalf bf94d336)
[1, -1, 5, -29, 233, -2329, 27949, -391285, 6260561, -112690097](2ed221d7 NegHalf bf94d336)
fe44d78377617d94 
T094587 inverted
[1, 0, -1, -2, -3, -4, -5, -6, -7, -8](b519aed5 Sum fe44d783)
[1, -1, 1, -3, 1, -5, 1, -7, 1, -9](58cb4c82 EvenSum fe44d783)
[0, 1, -2, 1, -4, 1, -6, 1, -8, 1](385cf126 OddSum fe44d783)
[1, -2, 3, -4, 5, -6, 7, -8, 9, -10](c01aaaee AltSum fe44d783)
[1, -1, 1, -2, 1, -3, 1, -4, 1, -5](d41c444c DiagSum fe44d783)
[1, -2, 0, 0, 0](6b41c09f Central fe44d783)
[1, -1, 0, 0, 0, 0, 0, 0, 0, 0](5e1e081d LeftSide fe44d783)
[1, 1, 1, 1, 1, 1, 1, 1, 1, 1](a38a0a11 RightSide fe44d783)
[1, -1, -3, -5, -7, -9, -11, -13, -15, -17](ab0a2197 PosHalf fe44d783)
[1, 3, 5, 7, 9, 11, 13, 15, 17, 19](8b18d7cb NegHalf fe44d783)
42345ede2cf98239 
T008279 
[1, 2, 5, 16, 65, 326, 1957, 13700, 109601, 986410](f6704d8d Sum 42345ede)
[1, 1, 3, 7, 37, 141, 1111, 5923, 62217, 426457](e1ee6d3a EvenSum 42345ede)
[0, 1, 2, 9, 28, 185, 846, 7777, 47384, 559953](44cf651c OddSum 42345ede)
[1, 0, 1, -2, 9, -44, 265, -1854, 14833, -133496](c36e9f44 AltSum 42345ede)
[1, 1, 2, 3, 6, 11, 24, 51, 122, 291](fdd19b2d DiagSum 42345ede)
[1, 2, 12, 120, 1680](64f3674e Central 42345ede)
[1, 1, 1, 1, 1, 1, 1, 1, 1, 1](a38a0a11 LeftSide 42345ede)
[1, 1, 2, 6, 24, 120, 720, 5040, 40320, 362880](2c8fda89 RightSide 42345ede)
[1, 3, 10, 38, 168, 872, 5296, 37200, 297856, 2681216](d6cdafdd PosHalf 42345ede)
[1, -1, 2, -2, 8, 8, 112, 656, 5504, 49024](102139b8 NegHalf 42345ede)
95ed5635a9e91a69 
PascalTriangle 
[1, 2, 4, 8, 16, 32, 64, 128, 256, 512](5a84c767 Sum 95ed5635)
[1, 1, 2, 4, 8, 16, 32, 64, 128, 256](1b9cf988 EvenSum 95ed5635)
[0, 1, 2, 4, 8, 16, 32, 64, 128, 256](5dc2fb96 OddSum 95ed5635)
[1, 0, 0, 0, 0, 0, 0, 0, 0, 0](29db0a91 AltSum 95ed5635)
[1, 1, 2, 3, 5, 8, 13, 21, 34, 55](a6272cb1 DiagSum 95ed5635)
[1, 2, 6, 20, 70](60c37f54 Central 95ed5635)
[1, 1, 1, 1, 1, 1, 1, 1, 1, 1](a38a0a11 LeftSide 95ed5635)
[1, 1, 1, 1, 1, 1, 1, 1, 1, 1](a38a0a11 RightSide 95ed5635)
[1, 3, 9, 27, 81, 243, 729, 2187, 6561, 19683](cc032bd1 PosHalf 95ed5635)
[1, -1, 1, -1, 1, -1, 1, -1, 1, -1](cd22898d NegHalf 95ed5635)
60456dd735e34749 
PascalTriangle inverted
[1, 0, 0, 0, 0, 0, 0, 0, 0, 0](29db0a91 Sum 60456dd7)
[1, -1, 2, -4, 8, -16, 32, -64, 128, -256](c1e2befb EvenSum 60456dd7)
[0, 1, -2, 4, -8, 16, -32, 64, -128, 256](b5af0ba2 OddSum 60456dd7)
[1, -2, 4, -8, 16, -32, 64, -128, 256, -512](b9fa31e7 AltSum 60456dd7)
[1, -1, 2, -3, 5, -8, 13, -21, 34, -55](30767906 DiagSum 60456dd7)
[1, -2, 6, -20, 70](6944d0e7 Central 60456dd7)
[1, -1, 1, -1, 1, -1, 1, -1, 1, -1](cd22898d LeftSide 60456dd7)
[1, 1, 1, 1, 1, 1, 1, 1, 1, 1](a38a0a11 RightSide 60456dd7)
[1, -1, 1, -1, 1, -1, 1, -1, 1, -1](cd22898d PosHalf 60456dd7)
[1, 3, 9, 27, 81, 243, 729, 2187, 6561, 19683](cc032bd1 NegHalf 60456dd7)
705572b13958d3e 
LahTriangle 
[1, 1, 3, 13, 73, 501, 4051, 37633, 394353, 4596553](45a01ccc Sum 705572b1)
[1, 0, 1, 6, 37, 260, 2101, 19362, 201097, 2326536](8b18a768 EvenSum 705572b1)
[0, 1, 2, 7, 36, 241, 1950, 18271, 193256, 2270017](e9a7b35e OddSum 705572b1)
[1, -1, -1, -1, 1, 19, 151, 1091, 7841, 56519](cbabb881 AltSum 705572b1)
[1, 0, 1, 2, 7, 30, 157, 972, 6961, 56660](c68085b3 DiagSum 705572b1)
[1, 2, 36, 1200, 58800](506594ba Central 705572b1)
[1, 0, 0, 0, 0, 0, 0, 0, 0, 0](29db0a91 LeftSide 705572b1)
[1, 1, 1, 1, 1, 1, 1, 1, 1, 1](a38a0a11 RightSide 705572b1)
[1, 1, 5, 37, 361, 4361, 62701, 1044205, 19748177, 417787921](fa75ed2d PosHalf 705572b1)
[1, 1, -3, 13, -71, 441, -2699, 9157, 206193, -8443151](69b46157 NegHalf 705572b1)
357815ac34fba3b7 
LahTriangle inverted
[1, 1, -1, 1, 1, -19, 151, -1091, 7841, -56519](33dbfcb8 Sum 357815ac)
[1, 0, 1, -6, 37, -260, 2101, -19362, 201097, -2326536](ef132c1c EvenSum 357815ac)
[0, 1, -2, 7, -36, 241, -1950, 18271, -193256, 2270017](724e9728 OddSum 357815ac)
[1, -1, 3, -13, 73, -501, 4051, -37633, 394353, -4596553](5fe4f55a AltSum 357815ac)
[1, 0, 1, -2, 7, -30, 157, -972, 6961, -56660](faede368 DiagSum 357815ac)
[1, -2, 36, -1200, 58800](e9f49f7c Central 357815ac)
[1, 0, 0, 0, 0, 0, 0, 0, 0, 0](29db0a91 LeftSide 357815ac)
[1, 1, 1, 1, 1, 1, 1, 1, 1, 1](a38a0a11 RightSide 357815ac)
[1, 1, -3, 13, -71, 441, -2699, 9157, 206193, -8443151](69b46157 PosHalf 357815ac)
[1, 1, 5, 37, 361, 4361, 62701, 1044205, 19748177, 417787921](fa75ed2d NegHalf 357815ac)
54314ca91471252a 
CatalanTriangle 
[1, 1, 2, 3, 6, 10, 20, 35, 70, 126](167eaf89 Sum 54314ca9)
[1, 0, 2, 0, 6, 0, 20, 0, 70, 0](7b7a1aa3 EvenSum 54314ca9)
[0, 1, 0, 3, 0, 10, 0, 35, 0, 126](b2ae420e OddSum 54314ca9)
[1, -1, 2, -3, 6, -10, 20, -35, 70, -126](dab417d5 AltSum 54314ca9)
[1, 0, 2, 0, 5, 0, 14, 0, 42, 0](ef1d0a39 DiagSum 54314ca9)
[1, 0, 3, 0, 20](3d5dfc59 Central 54314ca9)
[1, 0, 1, 0, 2, 0, 5, 0, 14, 0](6c409ffb LeftSide 54314ca9)
[1, 1, 1, 1, 1, 1, 1, 1, 1, 1](a38a0a11 RightSide 54314ca9)
[1, 1, 5, 9, 45, 97, 485, 1145, 5725, 14289](29ecdc00 PosHalf 54314ca9)
[1, 1, 5, 9, 45, 97, 485, 1145, 5725, 14289](29ecdc00 NegHalf 54314ca9)
d3ee0629e97d2ff0 
CatalanTriangle inverted
[1, 1, 0, -1, -1, 0, 1, 1, 0, -1](d18344c6 Sum d3ee0629)
[1, 0, 0, 0, -1, 0, 1, 0, 0, 0](d3a22a97 EvenSum d3ee0629)
[0, 1, 0, -1, 0, 0, 0, 1, 0, -1](6d699e95 OddSum d3ee0629)
[1, -1, 0, 1, -1, 0, 1, -1, 0, 1](eaba21c3 AltSum d3ee0629)
[1, 0, 0, 0, 0, 0, 0, 0, 0, 0](29db0a91 DiagSum d3ee0629)
[1, 0, -3, 0, 15](4cec863a Central d3ee0629)
[1, 0, -1, 0, 1, 0, -1, 0, 1, 0](7a4c3f61 LeftSide d3ee0629)
[1, 1, 1, 1, 1, 1, 1, 1, 1, 1](a38a0a11 RightSide d3ee0629)
[1, 1, -3, -7, 5, 33, 13, -119, -171, 305](214c9a88 PosHalf d3ee0629)
[1, 1, -3, -7, 5, 33, 13, -119, -171, 305](214c9a88 NegHalf d3ee0629)
e01671a60e6f45a9 
MotzkinTriangle 
[1, 2, 5, 13, 35, 96, 267, 750, 2123, 6046](b9fcba88 Sum e01671a6)
[1, 1, 3, 7, 19, 51, 141, 393, 1107, 3139](10b29c23 EvenSum e01671a6)
[0, 1, 2, 6, 16, 45, 126, 357, 1016, 2907](8e0a88f7 OddSum e01671a6)
[1, 0, 1, 1, 3, 6, 15, 36, 91, 232](b47c57da AltSum e01671a6)
[1, 1, 3, 6, 15, 36, 91, 232, 603, 1585](f4b9930b DiagSum e01671a6)
[1, 2, 9, 44, 230](c8bf170a Central e01671a6)
[1, 1, 2, 4, 9, 21, 51, 127, 323, 835](47ae40b4 LeftSide e01671a6)
[1, 1, 1, 1, 1, 1, 1, 1, 1, 1](a38a0a11 RightSide e01671a6)
[1, 3, 13, 59, 285, 1419, 7245, 37659, 198589, 1059371](db8f8936 PosHalf e01671a6)
[1, -1, 5, -17, 77, -345, 1653, -8097, 40733, -208553](a321c687 NegHalf e01671a6)
b67cd752f55ef4b5 
MotzkinTriangle inverted
[1, 0, -1, 0, 1, 0, -1, 0, 1, 0](7a4c3f61 Sum b67cd752)
[1, -1, 1, -2, 3, -3, 3, -4, 5, -5](88070bfe EvenSum b67cd752)
[0, 1, -2, 2, -2, 3, -4, 4, -4, 5](c1f214cd OddSum b67cd752)
[1, -2, 3, -4, 5, -6, 7, -8, 9, -10](c01aaaee AltSum b67cd752)
[1, -1, 1, -1, 1, -1, 1, -1, 1, -1](cd22898d DiagSum b67cd752)
[1, -2, 3, 0, -20](179637dc Central b67cd752)
[1, -1, 0, 1, -1, 0, 1, -1, 0, 1](eaba21c3 LeftSide b67cd752)
[1, 1, 1, 1, 1, 1, 1, 1, 1, 1](a38a0a11 RightSide b67cd752)
[1, -1, -3, 7, 5, -33, 13, 119, -171, -305](53c115cc PosHalf b67cd752)
[1, 3, 5, 3, -11, -45, -91, -93, 85, 627](993bdc92 NegHalf b67cd752)
d6d93d5419e92ab 
SchröderB 
[1, 1, 3, 11, 45, 197, 903, 4279, 20793, 103049](f652460e Sum d6d93d54)
[1, 0, 1, 4, 17, 76, 353, 1688, 8257, 41128](66cc5bd8 EvenSum d6d93d54)
[0, 1, 2, 7, 28, 121, 550, 2591, 12536, 61921](c4f3eb71 OddSum d6d93d54)
[1, -1, -1, -3, -11, -45, -197, -903, -4279, -20793](ae10b72d AltSum d6d93d54)
[1, 0, 1, 2, 7, 26, 107, 468, 2141, 10124](26e17b5d DiagSum d6d93d54)
[1, 2, 16, 146, 1408](af189a8c Central d6d93d54)
[1, 0, 0, 0, 0, 0, 0, 0, 0, 0](29db0a91 LeftSide d6d93d54)
[1, 1, 1, 1, 1, 1, 1, 1, 1, 1](a38a0a11 RightSide d6d93d54)
[1, 1, 5, 33, 253, 2121, 18853, 174609, 1667021, 16290969](e678acca PosHalf d6d93d54)
[1, 1, -3, 17, -123, 1001, -8739, 79969, -756939, 7349657](c77c19fd NegHalf d6d93d54)
ea0320e07a2f6daa 
SchröderB inverted
[1, 1, -1, -1, 1, 1, -1, -1, 1, 1](a2e4e3b7 Sum ea0320e0)
[1, 0, 1, -4, 9, -20, 49, -120, 289, -696](ec705510 EvenSum ea0320e0)
[0, 1, -2, 3, -8, 21, -50, 119, -288, 697](36771e12 OddSum ea0320e0)
[1, -1, 3, -7, 17, -41, 99, -239, 577, -1393](1e0b8f40 AltSum ea0320e0)
[1, 0, 1, -2, 3, -6, 11, -20, 37, -68](8f77ec5c DiagSum ea0320e0)
[1, -2, 8, -38, 192](9aac7e4c Central ea0320e0)
[1, 0, 0, 0, 0, 0, 0, 0, 0, 0](29db0a91 LeftSide ea0320e0)
[1, 1, 1, 1, 1, 1, 1, 1, 1, 1](a38a0a11 RightSide ea0320e0)
[1, 1, -3, 1, 5, -7, -3, 17, -11, -23](ca619d1e PosHalf ea0320e0)
[1, 1, 5, 17, 61, 217, 773, 2753, 9805, 34921](32a4af8b NegHalf ea0320e0)
e37c6285f771b640 
SchröderL 
[1, 2, 8, 36, 172, 852, 4324, 22332, 116876, 618084](5f4db890 Sum e37c6285)
[1, 1, 4, 18, 86, 426, 2162, 11166, 58438, 309042](c5ed387a EvenSum e37c6285)
[0, 1, 4, 18, 86, 426, 2162, 11166, 58438, 309042](35176a4e OddSum e37c6285)
[1, 0, 0, 0, 0, 0, 0, 0, 0, 0](29db0a91 AltSum e37c6285)
[1, 1, 4, 15, 63, 280, 1297, 6193, 30268, 150687](bbc5b286 DiagSum e37c6285)
[1, 4, 40, 458, 5558](a00f4acd Central e37c6285)
[1, 1, 3, 11, 45, 197, 903, 4279, 20793, 103049](f652460e LeftSide e37c6285)
[1, 1, 1, 1, 1, 1, 1, 1, 1, 1](a38a0a11 RightSide e37c6285)
[1, 3, 21, 171, 1509, 13995, 134277, 1320651, 13237221, 134682219](d0198853 PosHalf e37c6285)
[1, -1, 5, -33, 253, -2121, 18853, -174609, 1667021, -16290969](89be4989 NegHalf e37c6285)
2cf4f3be49205b1d 
SchröderL inverted
[1, 0, -2, 4, -4, 0, 8, -16, 16, 0](15bd496f Sum 2cf4f3be)
[1, -1, 2, -8, 32, -116, 400, -1360, 4624, -15760](4c2c5053 EvenSum 2cf4f3be)
[0, 1, -4, 12, -36, 116, -392, 1344, -4608, 15760](5673011d OddSum 2cf4f3be)
[1, -2, 6, -20, 68, -232, 792, -2704, 9232, -31520](971b6acb AltSum 2cf4f3be)
[1, -1, 2, -5, 13, -34, 89, -233, 610, -1597](a70a03bc DiagSum 2cf4f3be)
[1, -4, 30, -256, 2310](bd142752 Central 2cf4f3be)
[1, -1, 1, -1, 1, -1, 1, -1, 1, -1](cd22898d LeftSide 2cf4f3be)
[1, 1, 1, 1, 1, 1, 1, 1, 1, 1](a38a0a11 RightSide 2cf4f3be)
[1, -1, -3, 23, -91, 271, -627, 967, 181, -8641](86c4efd5 PosHalf 2cf4f3be)
[1, 3, 13, 67, 365, 2019, 11213, 62339, 346669, 1927971](addaec34 NegHalf 2cf4f3be)
