=================
BinomialTriangle

Triangle:  A007318 [1, 1, 1, 1, 2, 1, 1, 3, 3, 1]
Reverse:   A007318 [1, 1, 1, 1, 2, 1, 1, 3, 3, 1]
Inverse:   A007318 [1, -1, 1, 1, -2, 1, -1, 3, -3, 1]
RevInv:    A007318 [1, 1, -1, 1, -2, 1, 1, -3, 3, -1]
InvRev:    A007318 [1, -1, 1, 1, -2, 1, -1, 3, -3, 1]
Diagonal:  A011973 [1, 1, 1, 1, 1, 2, 1, 3, 1, 1]
Sum:       A000079 [1, 2, 4, 8, 16, 32, 64, 128, 256, 512]
EvenSum:   A011782 [1, 1, 2, 4, 8, 16, 32, 64, 128, 256]
OddSum:    A131577 [0, 1, 2, 4, 8, 16, 32, 64, 128, 256]
AltSum:    A000007 [1, 0, 0, 0, 0, 0, 0, 0, 0, 0]
DiagSum:   C000045 [1, 1, 2, 3, 5, 8, 13, 21, 34, 55]
Central:   A000984 [1, 2, 6, 20, 70, 252, 924, 3432, 12870, 48620]
LeftSide:  A000012 [1, 1, 1, 1, 1, 1, 1, 1, 1, 1]
RightSide: A000012 [1, 1, 1, 1, 1, 1, 1, 1, 1, 1]
PosHalf:   A000244 [1, 3, 9, 27, 81, 243, 729, 2187, 6561, 19683]
NegHalf:   A000012 [1, -1, 1, -1, 1, -1, 1, -1, 1, -1]
TransUnos: A000079 [1, 2, 4, 8, 16, 32, 64, 128, 256, 512]
TransAlts: A000007 [1, 0, 0, 0, 0, 0, 0, 0, 0, 0]
TransSqrs: A001788 [0, 1, 6, 24, 80, 240, 672, 1792, 4608, 11520]
TransNat0: A001787 [0, 1, 4, 12, 32, 80, 192, 448, 1024, 2304]
TransNat1: A001792 [1, 3, 8, 20, 48, 112, 256, 576, 1280, 2816]
PolyVal2:  A000244 [1, 3, 9, 27, 81, 243, 729, 2187, 6561, 19683]
PolyVal3:  A000302 [1, 4, 16, 64, 256, 1024, 4096, 16384, 65536, 262144]

=================
CatalanTriangle

Triangle:  A053121 [1, 0, 1, 1, 0, 1, 0, 2, 0, 1]
Reverse:   A052173 [1, 1, 0, 1, 0, 1, 1, 0, 2, 0]
Inverse:   A049310 [1, 0, 1, -1, 0, 1, 0, -2, 0, 1]
RevInv:    A053119 [1, 1, 0, 1, 0, -1, 1, 0, -2, 0]
Diagonal:  nothing [1, 0, 1, 1, 0, 0, 2, 2, 1, 0]
Sum:       A001405 [1, 1, 2, 3, 6, 10, 20, 35, 70, 126]
EvenSum:   A126869 [1, 0, 2, 0, 6, 0, 20, 0, 70, 0]
OddSum:    A138364 [0, 1, 0, 3, 0, 10, 0, 35, 0, 126]
AltSum:    A001405 [1, -1, 2, -3, 6, -10, 20, -35, 70, -126]
DiagSum:   nothing [1, 0, 2, 0, 5, 0, 14, 0, 42, 0]
Central:   nothing [1, 0, 3, 0, 20, 0, 154, 0, 1260, 0]
LeftSide:  A126120 [1, 0, 1, 0, 2, 0, 5, 0, 14, 0]
RightSide: A000012 [1, 1, 1, 1, 1, 1, 1, 1, 1, 1]
PosHalf:   A121724 [1, 1, 5, 9, 45, 97, 485, 1145, 5725, 14289]
NegHalf:   A121724 [1, 1, 5, 9, 45, 97, 485, 1145, 5725, 14289]
TransUnos: A001405 [1, 1, 2, 3, 6, 10, 20, 35, 70, 126]
TransAlts: A001405 [1, -1, 2, -3, 6, -10, 20, -35, 70, -126]
TransSqrs: nothing [0, 1, 4, 11, 28, 66, 152, 339, 748, 1622]
TransNat0: A045621 [0, 1, 2, 5, 10, 22, 44, 93, 186, 386]
TransNat1: A000079 [1, 2, 4, 8, 16, 32, 64, 128, 256, 512]
PolyVal2:  A054341 [1, 2, 5, 12, 30, 74, 185, 460, 1150, 2868]
PolyVal3:  A126931 [1, 3, 10, 33, 110, 366, 1220, 4065, 13550, 45162]

=================
EulerianTriangle

Triangle:  A173018 [1, 1, 0, 1, 1, 0, 1, 4, 1, 0]
Reverse:   A123125 [1, 0, 1, 0, 1, 1, 0, 1, 4, 1]
InvRev:    nothing [1, 0, 1, 0, -1, 1, 0, 3, -4, 1]
Diagonal:  nothing [1, 1, 1, 0, 1, 1, 1, 4, 0, 1]
Sum:       A000142 [1, 1, 2, 6, 24, 120, 720, 5040, 40320, 362880]
EvenSum:   A128103 [1, 1, 1, 2, 12, 68, 360, 2384, 20160, 185408]
OddSum:    A262745 [0, 0, 1, 4, 12, 52, 360, 2656, 20160, 177472]
AltSum:    A009006 [1, 1, 0, -2, 0, 16, 0, -272, 0, 7936]
DiagSum:   A000800 [1, 1, 1, 2, 5, 13, 38, 125, 449, 1742]
Central:   A180056 [1, 1, 11, 302, 15619, 1310354, 162512286, 27971176092, 6382798925475, 1865385657780650]
LeftSide:  A000012 [1, 1, 1, 1, 1, 1, 1, 1, 1, 1]
RightSide: A000007 [1, 0, 0, 0, 0, 0, 0, 0, 0, 0]
PosHalf:   A000670 [1, 1, 3, 13, 75, 541, 4683, 47293, 545835, 7087261]
NegHalf:   A087674 [1, 1, -1, -3, 15, 21, -441, 477, 19935, -101979]
TransUnos: A000142 [1, 1, 2, 6, 24, 120, 720, 5040, 40320, 362880]
TransAlts: A009006 [1, 1, 0, -2, 0, 16, 0, -272, 0, 7936]
TransSqrs: nothing [0, 0, 1, 8, 64, 540, 4920, 48720, 524160, 6108480]
TransNat0: B180119 [0, 0, 1, 6, 36, 240, 1800, 15120, 141120, 1451520]
TransNat1: C001710 [1, 1, 3, 12, 60, 360, 2520, 20160, 181440, 1814400]
PolyVal2:  A000670 [1, 1, 3, 13, 75, 541, 4683, 47293, 545835, 7087261]
PolyVal3:  A122704 [1, 1, 4, 22, 160, 1456, 15904, 202672, 2951680, 48361216]

=================
FibonacciTriangle

Triangle:  A193737 [1, 1, 1, 1, 2, 1, 2, 4, 3, 1]
Reverse:   A193736 [1, 1, 1, 1, 2, 1, 1, 3, 4, 2]
Inverse:   nothing [1, -1, 1, 1, -2, 1, -1, 2, -3, 1]
RevInv:    nothing [1, 1, -1, 1, -2, 1, 1, -3, 2, -1]
Diagonal:  B119473 [1, 1, 1, 1, 2, 2, 3, 4, 1, 5]
Sum:       A052542 [1, 2, 4, 10, 24, 58, 140, 338, 816, 1970]
EvenSum:   A215928 [1, 1, 2, 5, 12, 29, 70, 169, 408, 985]
OddSum:    A000129 [0, 1, 2, 5, 12, 29, 70, 169, 408, 985]
AltSum:    A000007 [1, 0, 0, 0, 0, 0, 0, 0, 0, 0]
DiagSum:   A011782 [1, 1, 2, 4, 8, 16, 32, 64, 128, 256]
Central:   A330793 [1, 2, 8, 36, 170, 826, 4088, 20496, 103752, 529100]
LeftSide:  A324969 [1, 1, 1, 2, 3, 5, 8, 13, 21, 34]
RightSide: A000012 [1, 1, 1, 1, 1, 1, 1, 1, 1, 1]
PosHalf:   A330795 [1, 3, 9, 39, 153, 615, 2457, 9831, 39321, 157287]
NegHalf:   B006131 [1, -1, 1, -5, 9, -29, 65, -181, 441, -1165]
TransUnos: A052542 [1, 2, 4, 10, 24, 58, 140, 338, 816, 1970]
TransAlts: A000007 [1, 0, 0, 0, 0, 0, 0, 0, 0, 0]
TransSqrs: nothing [0, 1, 6, 25, 92, 313, 1010, 3137, 9464, 27905]
TransNat0: A119915 [0, 1, 4, 13, 40, 117, 332, 921, 2512, 6761]
TransNat1: A331321 [1, 3, 8, 23, 64, 175, 472, 1259, 3328, 8731]
PolyVal2:  A052906 [1, 3, 9, 30, 99, 327, 1080, 3567, 11781, 38910]
PolyVal3:  nothing [1, 4, 16, 68, 288, 1220, 5168, 21892, 92736, 392836]

=================
LaguerreTriangle

Triangle:  A021009 [1, 1, 1, 2, 4, 1, 6, 18, 9, 1]
Reverse:   A021010 [1, 1, 1, 1, 4, 2, 1, 9, 18, 6]
Inverse:   A021009 [1, -1, 1, 2, -4, 1, -6, 18, -9, 1]
RevInv:    A021010 [1, 1, -1, 1, -4, 2, 1, -9, 18, -6]
Diagonal:  A084950 [1, 1, 2, 1, 6, 4, 24, 18, 1, 120]
Sum:       A002720 [1, 2, 7, 34, 209, 1546, 13327, 130922, 1441729, 17572114]
EvenSum:   A331325 [1, 1, 3, 15, 97, 745, 6571, 65359, 723969, 8842257]
OddSum:    A331326 [0, 1, 4, 19, 112, 801, 6756, 65563, 717760, 8729857]
AltSum:    A009940 [1, 0, -1, -4, -15, -56, -185, -204, 6209, 112400]
DiagSum:   C001040 [1, 1, 3, 10, 43, 225, 1393, 9976, 81201, 740785]
Central:   A295383 [1, 4, 72, 2400, 117600, 7620480, 614718720, 59364264960, 6678479808000, 857813628672000]
LeftSide:  A000142 [1, 1, 2, 6, 24, 120, 720, 5040, 40320, 362880]
RightSide: A000012 [1, 1, 1, 1, 1, 1, 1, 1, 1, 1]
PosHalf:   A025167 [1, 3, 17, 139, 1473, 19091, 291793, 5129307, 101817089, 2250495523]
NegHalf:   A025166 [1, -1, 1, 7, -127, 1711, -23231, 334391, -5144063, 84149983]
TransUnos: A002720 [1, 2, 7, 34, 209, 1546, 13327, 130922, 1441729, 17572114]
TransAlts: A009940 [1, 0, -1, -4, -15, -56, -185, -204, 6209, 112400]
TransSqrs: A105219 [0, 1, 8, 63, 544, 5225, 55656, 653023, 8379008, 116780049]
TransNat0: A103194 [0, 1, 6, 39, 292, 2505, 24306, 263431, 3154824, 41368977]
TransNat1: C000262 [1, 3, 13, 73, 501, 4051, 37633, 394353, 4596553, 58941091]
PolyVal2:  A087912 [1, 3, 14, 86, 648, 5752, 58576, 671568, 8546432, 119401856]
PolyVal3:  A277382 [1, 4, 23, 168, 1473, 14988, 173007, 2228544, 31636449, 490102164]

=================
LahTriangle

Triangle:  A111596 [1, 0, 1, 0, 2, 1, 0, 6, 6, 1]
Reverse:   nothing [1, 1, 0, 1, 2, 0, 1, 6, 6, 0]
Inverse:   A111596 [1, 0, 1, 0, -2, 1, 0, 6, -6, 1]
RevInv:    nothing [1, 1, 0, 1, -2, 0, 1, -6, 6, 0]
Diagonal:  A330609 [1, 0, 0, 1, 0, 2, 0, 6, 1, 0]
Sum:       A000262 [1, 1, 3, 13, 73, 501, 4051, 37633, 394353, 4596553]
EvenSum:   A088312 [1, 0, 1, 6, 37, 260, 2101, 19362, 201097, 2326536]
OddSum:    A088313 [0, 1, 2, 7, 36, 241, 1950, 18271, 193256, 2270017]
AltSum:    A111884 [1, -1, -1, -1, 1, 19, 151, 1091, 7841, 56519]
DiagSum:   A001053 [1, 0, 1, 2, 7, 30, 157, 972, 6961, 56660]
Central:   A187535 [1, 2, 36, 1200, 58800, 3810240, 307359360, 29682132480, 3339239904000, 428906814336000]
LeftSide:  A000007 [1, 0, 0, 0, 0, 0, 0, 0, 0, 0]
RightSide: A000012 [1, 1, 1, 1, 1, 1, 1, 1, 1, 1]
PosHalf:   A025168 [1, 1, 5, 37, 361, 4361, 62701, 1044205, 19748177, 417787921]
NegHalf:   A318223 [1, 1, -3, 13, -71, 441, -2699, 9157, 206193, -8443151]
TransUnos: A000262 [1, 1, 3, 13, 73, 501, 4051, 37633, 394353, 4596553]
TransAlts: A111884 [1, -1, -1, -1, 1, 19, 151, 1091, 7841, 56519]
TransSqrs: A103194 [0, 1, 6, 39, 292, 2505, 24306, 263431, 3154824, 41368977]
TransNat0: A052852 [0, 1, 4, 21, 136, 1045, 9276, 93289, 1047376, 12975561]
TransNat1: A002720 [1, 2, 7, 34, 209, 1546, 13327, 130922, 1441729, 17572114]
PolyVal2:  A052897 [1, 2, 8, 44, 304, 2512, 24064, 261536, 3173888, 42483968]
PolyVal3:  A255806 [1, 3, 15, 99, 801, 7623, 83079, 1017495, 13808097, 205374123]

=================
MotzkinTriangle 

Triangle:  A064189 [1, 1, 1, 2, 2, 1, 4, 5, 3, 1]
Reverse:   A026300 [1, 1, 1, 1, 2, 2, 1, 3, 5, 4]
Inverse:   A101950 [1, -1, 1, 0, -2, 1, 1, 1, -3, 1]
RevInv:    nothing [1, 1, -1, 1, -2, 0, 1, -3, 1, 1]
Diagonal:  A106489 [1, 1, 2, 1, 4, 2, 9, 5, 1, 21]
Sum:       C005773 [1, 2, 5, 13, 35, 96, 267, 750, 2123, 6046]
EvenSum:   A002426 [1, 1, 3, 7, 19, 51, 141, 393, 1107, 3139]
OddSum:    B005717 [0, 1, 2, 6, 16, 45, 126, 357, 1016, 2907]
AltSum:    A005043 [1, 0, 1, 1, 3, 6, 15, 36, 91, 232]
DiagSum:   nothing [1, 1, 3, 6, 15, 36, 91, 232, 603, 1585]
Central:   A026302 [1, 2, 9, 44, 230, 1242, 6853, 38376, 217242, 1239980]
LeftSide:  A001006 [1, 1, 2, 4, 9, 21, 51, 127, 323, 835]
RightSide: A000012 [1, 1, 1, 1, 1, 1, 1, 1, 1, 1]
PosHalf:   A330799 [1, 3, 13, 59, 285, 1419, 7245, 37659, 198589, 1059371]
NegHalf:   A330800 [1, -1, 5, -17, 77, -345, 1653, -8097, 40733, -208553]
TransUnos: C005773 [1, 2, 5, 13, 35, 96, 267, 750, 2123, 6046]
TransAlts: A005043 [1, 0, 1, 1, 3, 6, 15, 36, 91, 232]
TransSqrs: nothing [0, 1, 6, 26, 100, 361, 1254, 4245, 14108, 46247]
TransNat0: A330796 [0, 1, 4, 14, 46, 147, 462, 1437, 4438, 13637]
TransNat1: A000244 [1, 3, 9, 27, 81, 243, 729, 2187, 6561, 19683]
PolyVal2:  A059738 [1, 3, 10, 34, 117, 405, 1407, 4899, 17083, 59629]
PolyVal3:  nothing [1, 4, 17, 73, 315, 1362, 5895, 25528, 110579, 479068]

=================
NarayanaTriangle

Triangle:  A090181 [1, 0, 1, 0, 1, 1, 0, 1, 3, 1]
Reverse:   A131198 [1, 1, 0, 1, 1, 0, 1, 3, 1, 0]
Inverse:   nothing [1, 0, 1, 0, -1, 1, 0, 2, -3, 1]
RevInv:    nothing [1, 1, 0, 1, -1, 0, 1, -3, 2, 0]
Diagonal:  nothing [1, 0, 0, 1, 0, 1, 0, 1, 1, 0]
Sum:       A000108 [1, 1, 2, 5, 14, 42, 132, 429, 1430, 4862]
EvenSum:   B071688 [1, 0, 1, 3, 7, 20, 66, 217, 715, 2424]
OddSum:    B071684 [0, 1, 1, 2, 7, 22, 66, 212, 715, 2438]
AltSum:    A090192 [1, -1, 0, 1, 0, -2, 0, 5, 0, -14]
DiagSum:   nothing [1, 0, 1, 1, 2, 4, 8, 17, 37, 82]
Central:   A125558 [1, 1, 6, 50, 490, 5292, 60984, 736164, 9202050, 118195220]
LeftSide:  A000007 [1, 0, 0, 0, 0, 0, 0, 0, 0, 0]
RightSide: A000012 [1, 1, 1, 1, 1, 1, 1, 1, 1, 1]
PosHalf:   A001003 [1, 1, 3, 11, 45, 197, 903, 4279, 20793, 103049]
NegHalf:   A154825 [1, 1, -1, -1, 5, -3, -21, 51, 41, -391]
TransUnos: A000108 [1, 1, 2, 5, 14, 42, 132, 429, 1430, 4862]
TransAlts: A090192 [1, -1, 0, 1, 0, -2, 0, 5, 0, -14]
TransSqrs: B141222 [0, 1, 5, 22, 95, 406, 1722, 7260, 30459, 127270]
TransNat0: B001700 [0, 1, 3, 10, 35, 126, 462, 1716, 6435, 24310]
TransNat1: A189176 [1, 2, 5, 15, 49, 168, 594, 2145, 7865, 29172]
PolyVal2:  A006318 [1, 2, 6, 22, 90, 394, 1806, 8558, 41586, 206098]
PolyVal3:  A047891 [1, 3, 12, 57, 300, 1686, 9912, 60213, 374988, 2381322]

=================
SchröderBTriangle

Triangle:  A122538 [1, 0, 1, 0, 2, 1, 0, 6, 4, 1]
Reverse:   nothing [1, 1, 0, 1, 2, 0, 1, 4, 6, 0]
Inverse:   A122542 [1, 0, 1, 0, -2, 1, 0, 2, -4, 1]
RevInv:    A266213 [1, 1, 0, 1, -2, 0, 1, -4, 2, 0]
Diagonal:  nothing [1, 0, 0, 1, 0, 2, 0, 6, 1, 0]
Sum:       A001003 [1, 1, 3, 11, 45, 197, 903, 4279, 20793, 103049]
EvenSum:   nothing [1, 0, 1, 4, 17, 76, 353, 1688, 8257, 41128]
OddSum:    B010683 [0, 1, 2, 7, 28, 121, 550, 2591, 12536, 61921]
AltSum:    B001003 [1, -1, -1, -3, -11, -45, -197, -903, -4279, -20793]
DiagSum:   nothing [1, 0, 1, 2, 7, 26, 107, 468, 2141, 10124]
Central:   A103885 [1, 2, 16, 146, 1408, 14002, 142000, 1459810, 15158272, 158611106]
LeftSide:  A000007 [1, 0, 0, 0, 0, 0, 0, 0, 0, 0]
RightSide: A000012 [1, 1, 1, 1, 1, 1, 1, 1, 1, 1]
PosHalf:   B330802 [1, 1, 5, 33, 253, 2121, 18853, 174609, 1667021, 16290969]
NegHalf:   B330803 [1, 1, -3, 17, -123, 1001, -8739, 79969, -756939, 7349657]
TransUnos: A001003 [1, 1, 3, 11, 45, 197, 903, 4279, 20793, 103049]
TransAlts: B001003 [1, -1, -1, -3, -11, -45, -197, -903, -4279, -20793]
TransSqrs: A065096 [0, 1, 6, 31, 156, 785, 3978, 20335, 104856, 545073]
TransNat0: B239204 [0, 1, 4, 17, 76, 353, 1688, 8257, 41128, 207905]
TransNat1: A010683 [1, 2, 7, 28, 121, 550, 2591, 12536, 61921, 310954]
PolyVal2:  A109980 [1, 2, 8, 36, 172, 852, 4324, 22332, 116876, 618084]
PolyVal3:  nothing [1, 3, 15, 81, 453, 2583, 14907, 86733, 507561, 2982987]

=================
SchröderLTriangle

Triangle:  A172094 [1, 1, 1, 3, 4, 1, 11, 17, 7, 1]
Reverse:   nothing [1, 1, 1, 1, 4, 3, 1, 7, 17, 11]
Inverse:   A331969 [1, -1, 1, 1, -4, 1, -1, 11, -7, 1]
RevInv:    nothing [1, 1, -1, 1, -4, 1, 1, -7, 11, -1]
Diagonal:  nothing [1, 1, 3, 1, 11, 4, 45, 17, 1, 197]
Sum:       A109980 [1, 2, 8, 36, 172, 852, 4324, 22332, 116876, 618084]
EvenSum:   B225887 [1, 1, 4, 18, 86, 426, 2162, 11166, 58438, 309042]
OddSum:    B225887 [0, 1, 4, 18, 86, 426, 2162, 11166, 58438, 309042]
AltSum:    A000007 [1, 0, 0, 0, 0, 0, 0, 0, 0, 0]
DiagSum:   nothing [1, 1, 4, 15, 63, 280, 1297, 6193, 30268, 150687]
Central:   nothing [1, 4, 40, 458, 5558, 69660, 891154, 11563214, 151605142, 2003523032]
LeftSide:  A001003 [1, 1, 3, 11, 45, 197, 903, 4279, 20793, 103049]
RightSide: A000012 [1, 1, 1, 1, 1, 1, 1, 1, 1, 1]
PosHalf:   A331328 [1, 3, 21, 171, 1509, 13995, 134277, 1320651, 13237221, 134682219]
NegHalf:   B330802 [1, -1, 5, -33, 253, -2121, 18853, -174609, 1667021, -16290969]
TransUnos: A109980 [1, 2, 8, 36, 172, 852, 4324, 22332, 116876, 618084]
TransAlts: A000007 [1, 0, 0, 0, 0, 0, 0, 0, 0, 0]
TransSqrs: nothing [0, 1, 8, 54, 342, 2098, 12634, 75190, 443934, 2606330]
TransNat0: nothing [0, 1, 6, 34, 190, 1058, 5890, 32822, 183158, 1023658]
TransNat1: nothing [1, 3, 14, 70, 362, 1910, 10214, 55154, 300034, 1641742]
PolyVal2:  nothing [1, 3, 15, 81, 453, 2583, 14907, 86733, 507561, 2982987]
PolyVal3:  nothing [1, 4, 24, 152, 984, 6440, 42408, 280312, 1857336, 12326792]

=================
StirlingCycleTriangle

Triangle:  A048994 [1, 0, 1, 0, 1, 1, 0, 2, 3, 1]
Reverse:   A054654 [1, 1, 0, 1, 1, 0, 1, 3, 2, 0]
Inverse:   A048993 [1, 0, 1, 0, -1, 1, 0, 1, -3, 1]
RevInv:    A106800 [1, 1, 0, 1, -1, 0, 1, -3, 1, 0]
Diagonal:  A331327 [1, 0, 0, 1, 0, 1, 0, 2, 1, 0]
Sum:       A000142 [1, 1, 2, 6, 24, 120, 720, 5040, 40320, 362880]
EvenSum:   A105752 [1, 0, 1, 3, 12, 60, 360, 2520, 20160, 181440]
OddSum:    D001710 [0, 1, 1, 3, 12, 60, 360, 2520, 20160, 181440]
AltSum:    A019590 [1, -1, 0, 0, 0, 0, 0, 0, 0, 0]
DiagSum:   nothing [1, 0, 1, 1, 3, 9, 36, 176, 1030, 7039]
Central:   A187646 [1, 1, 11, 225, 6769, 269325, 13339535, 790943153, 54631129553, 4308105301929]
LeftSide:  A000007 [1, 0, 0, 0, 0, 0, 0, 0, 0, 0]
RightSide: A000012 [1, 1, 1, 1, 1, 1, 1, 1, 1, 1]
PosHalf:   A001147 [1, 1, 3, 15, 105, 945, 10395, 135135, 2027025, 34459425]
NegHalf:   A330797 [1, 1, -1, 3, -15, 105, -945, 10395, -135135, 2027025]
TransUnos: A000142 [1, 1, 2, 6, 24, 120, 720, 5040, 40320, 362880]
TransAlts: A019590 [1, -1, 0, 0, 0, 0, 0, 0, 0, 0]
TransSqrs: B151881 [0, 1, 5, 23, 120, 724, 5012, 39332, 345832, 3371976]
TransNat0: A000254 [0, 1, 3, 11, 50, 274, 1764, 13068, 109584, 1026576]
TransNat1: A000774 [1, 2, 5, 17, 74, 394, 2484, 18108, 149904, 1389456]
PolyVal2:  C000142 [1, 2, 6, 24, 120, 720, 5040, 40320, 362880, 3628800]
PolyVal3:  nothing [1, 3, 12, 60, 360, 2520, 20160, 181440, 1814400, 19958400]

=================
StirlingSetTriangle

Triangle:  A048993 [1, 0, 1, 0, 1, 1, 0, 1, 3, 1]
Reverse:   A106800 [1, 1, 0, 1, 1, 0, 1, 3, 1, 0]
Inverse:   A048994 [1, 0, 1, 0, -1, 1, 0, 2, -3, 1]
RevInv:    A054654 [1, 1, 0, 1, -1, 0, 1, -3, 2, 0]
Diagonal:  nothing [1, 0, 0, 1, 0, 1, 0, 1, 1, 0]
Sum:       A000110 [1, 1, 2, 5, 15, 52, 203, 877, 4140, 21147]
EvenSum:   A024430 [1, 0, 1, 3, 8, 25, 97, 434, 2095, 10707]
OddSum:    A024429 [0, 1, 1, 2, 7, 27, 106, 443, 2045, 10440]
AltSum:    A000587 [1, -1, 0, 1, 1, -2, -9, -9, 50, 267]
DiagSum:   A171367 [1, 0, 1, 1, 2, 4, 9, 22, 58, 164]
Central:   A007820 [1, 1, 7, 90, 1701, 42525, 1323652, 49329280, 2141764053, 106175395755]
LeftSide:  A000007 [1, 0, 0, 0, 0, 0, 0, 0, 0, 0]
RightSide: A000012 [1, 1, 1, 1, 1, 1, 1, 1, 1, 1]
PosHalf:   A004211 [1, 1, 3, 11, 49, 257, 1539, 10299, 75905, 609441]
NegHalf:   A009235 [1, 1, -1, -1, 9, -23, -25, 583, -3087, 4401]
TransUnos: A000110 [1, 1, 2, 5, 15, 52, 203, 877, 4140, 21147]
TransAlts: A000587 [1, -1, 0, 1, 1, -2, -9, -9, 50, 267]
TransSqrs: A033452 [0, 1, 5, 22, 99, 471, 2386, 12867, 73681, 446620]
TransNat0: B005493 [0, 1, 3, 10, 37, 151, 674, 3263, 17007, 94828]
TransNat1: C000110 [1, 2, 5, 15, 52, 203, 877, 4140, 21147, 115975]
PolyVal2:  A001861 [1, 2, 6, 22, 94, 454, 2430, 14214, 89918, 610182]
PolyVal3:  A027710 [1, 3, 12, 57, 309, 1866, 12351, 88563, 681870, 5597643]

=================
T008279

Triangle:  A008279 [1, 1, 1, 1, 2, 2, 1, 3, 6, 6]
Reverse:   A094587 [1, 1, 1, 2, 2, 1, 6, 6, 3, 1]
InvRev:    A128229 [1, -1, 1, 0, -2, 1, 0, 0, -3, 1]
Diagonal:  nothing [1, 1, 1, 1, 1, 2, 1, 3, 2, 1]
Sum:       A000522 [1, 2, 5, 16, 65, 326, 1957, 13700, 109601, 986410]
EvenSum:   A087208 [1, 1, 3, 7, 37, 141, 1111, 5923, 62217, 426457]
OddSum:    B002747 [0, 1, 2, 9, 28, 185, 846, 7777, 47384, 559953]
AltSum:    A000166 [1, 0, 1, -2, 9, -44, 265, -1854, 14833, -133496]
DiagSum:   A122852 [1, 1, 2, 3, 6, 11, 24, 51, 122, 291]
Central:   A001813 [1, 2, 12, 120, 1680, 30240, 665280, 17297280, 518918400, 17643225600]
LeftSide:  A000012 [1, 1, 1, 1, 1, 1, 1, 1, 1, 1]
RightSide: A000142 [1, 1, 2, 6, 24, 120, 720, 5040, 40320, 362880]
PosHalf:   A010842 [1, 3, 10, 38, 168, 872, 5296, 37200, 297856, 2681216]
NegHalf:   A000023 [1, -1, 2, -2, 8, 8, 112, 656, 5504, 49024]
TransUnos: A000522 [1, 2, 5, 16, 65, 326, 1957, 13700, 109601, 986410]
TransAlts: A000166 [1, 0, 1, -2, 9, -44, 265, -1854, 14833, -133496]
TransSqrs: nothing [0, 1, 10, 81, 652, 5545, 50886, 506905, 5480056, 64116657]
TransNat0: A093964 [0, 1, 6, 33, 196, 1305, 9786, 82201, 767208, 7891281]
TransNat1: A001339 [1, 3, 11, 49, 261, 1631, 11743, 95901, 876809, 8877691]
PolyVal2:  A010844 [1, 3, 13, 79, 633, 6331, 75973, 1063623, 17017969, 306323443]
PolyVal3:  A010845 [1, 4, 25, 226, 2713, 40696, 732529, 15383110, 369194641, 9968255308]
Main.TriangleTraitCard

WARNING: replacing module TriangleTraitCard.

=================
BinomialTriangle

Triangle:  A007318 [1, 1, 1, 1, 2, 1, 1, 3, 3, 1]
Reverse:   A007318 [1, 1, 1, 1, 2, 1, 1, 3, 3, 1]
Inverse:   A007318 [1, -1, 1, 1, -2, 1, -1, 3, -3, 1]
RevInv:    A007318 [1, 1, -1, 1, -2, 1, 1, -3, 3, -1]
InvRev:    A007318 [1, -1, 1, 1, -2, 1, -1, 3, -3, 1]
Diagonal:  A011973 [1, 1, 1, 1, 1, 2, 1, 3, 1, 1]
Sum:       A000079 [1, 2, 4, 8, 16, 32, 64, 128, 256, 512]
EvenSum:   A011782 [1, 1, 2, 4, 8, 16, 32, 64, 128, 256]
OddSum:    A131577 [0, 1, 2, 4, 8, 16, 32, 64, 128, 256]
AltSum:    A000007 [1, 0, 0, 0, 0, 0, 0, 0, 0, 0]
DiagSum:   C000045 [1, 1, 2, 3, 5, 8, 13, 21, 34, 55]
Central:   A000984 [1, 2, 6, 20, 70, 252, 924, 3432, 12870, 48620]
LeftSide:  A000012 [1, 1, 1, 1, 1, 1, 1, 1, 1, 1]
RightSide: A000012 [1, 1, 1, 1, 1, 1, 1, 1, 1, 1]
PosHalf:   A000244 [1, 3, 9, 27, 81, 243, 729, 2187, 6561, 19683]
NegHalf:   A000012 [1, -1, 1, -1, 1, -1, 1, -1, 1, -1]
TransUnos: A000079 [1, 2, 4, 8, 16, 32, 64, 128, 256, 512]
TransAlts: A000007 [1, 0, 0, 0, 0, 0, 0, 0, 0, 0]
TransSqrs: A001788 [0, 1, 6, 24, 80, 240, 672, 1792, 4608, 11520]
TransNat0: A001787 [0, 1, 4, 12, 32, 80, 192, 448, 1024, 2304]
TransNat1: A001792 [1, 3, 8, 20, 48, 112, 256, 576, 1280, 2816]
PolyVal2:  A000244 [1, 3, 9, 27, 81, 243, 729, 2187, 6561, 19683]
PolyVal3:  A000302 [1, 4, 16, 64, 256, 1024, 4096, 16384, 65536, 262144]

=================
CatalanTriangle

Triangle:  A053121 [1, 0, 1, 1, 0, 1, 0, 2, 0, 1]
Reverse:   A052173 [1, 1, 0, 1, 0, 1, 1, 0, 2, 0]
Inverse:   A049310 [1, 0, 1, -1, 0, 1, 0, -2, 0, 1]
RevInv:    A053119 [1, 1, 0, 1, 0, -1, 1, 0, -2, 0]
Diagonal:  [ Info: Dowloaded 1,0,1,1,0,0,.json to C:\Users\User\GitHub2021\IntegerTriangles.jl\data
nothing [1, 0, 1, 1, 0, 0, 2, 2, 1, 0]
Sum:       A001405 [1, 1, 2, 3, 6, 10, 20, 35, 70, 126]
EvenSum:   A126869 [1, 0, 2, 0, 6, 0, 20, 0, 70, 0]
OddSum:    A138364 [0, 1, 0, 3, 0, 10, 0, 35, 0, 126]
AltSum:    A001405 [1, -1, 2, -3, 6, -10, 20, -35, 70, -126]
DiagSum:   [ Info: Dowloaded 1,0,2,0,5,0,.json to C:\Users\User\GitHub2021\IntegerTriangles.jl\data

[1, 0, 2, 0, 5, 0, 14, 0, 42, 0, 132, 0, 429, 0, 1430, 0, 4862, 0]
┌ Warning: Not found in the local base but possibly in the OEIS!
└ @ TrianglesUtils c:\Users\User\GitHub2021\IntegerTriangles.jl\src\TrianglesUtils.jl:142

nothing [1, 0, 2, 0, 5, 0, 14, 0, 42, 0]
Central:   [ Info: Dowloaded 1,0,3,0,20,0.json to C:\Users\User\GitHub2021\IntegerTriangles.jl\data
nothing [1, 0, 3, 0, 20, 0, 154, 0, 1260, 0]
LeftSide:  A126120 [1, 0, 1, 0, 2, 0, 5, 0, 14, 0]
RightSide: A000012 [1, 1, 1, 1, 1, 1, 1, 1, 1, 1]
PosHalf:   A121724 [1, 1, 5, 9, 45, 97, 485, 1145, 5725, 14289]
NegHalf:   A121724 [1, 1, 5, 9, 45, 97, 485, 1145, 5725, 14289]
TransUnos: A001405 [1, 1, 2, 3, 6, 10, 20, 35, 70, 126]
TransAlts: A001405 [1, -1, 2, -3, 6, -10, 20, -35, 70, -126]
TransSqrs: [ Info: Dowloaded 0,1,4,11,28,.json to C:\Users\User\GitHub2021\IntegerTriangles.jl\data
nothing [0, 1, 4, 11, 28, 66, 152, 339, 748, 1622]
TransNat0: A045621 [0, 1, 2, 5, 10, 22, 44, 93, 186, 386]
TransNat1: A000079 [1, 2, 4, 8, 16, 32, 64, 128, 256, 512]
PolyVal2:  A054341 [1, 2, 5, 12, 30, 74, 185, 460, 1150, 2868]
PolyVal3:  A126931 [1, 3, 10, 33, 110, 366, 1220, 4065, 13550, 45162]

=================
EulerianTriangle

Triangle:  A173018 [1, 1, 0, 1, 1, 0, 1, 4, 1, 0]
Reverse:   A123125 [1, 0, 1, 0, 1, 1, 0, 1, 4, 1]
InvRev:    [ Info: Dowloaded 1,0,1,0,1,1,.json to C:\Users\User\GitHub2021\IntegerTriangles.jl\data
nothing [1, 0, 1, 0, -1, 1, 0, 3, -4, 1]
Diagonal:  [ Info: Dowloaded 1,1,1,0,1,1,.json to C:\Users\User\GitHub2021\IntegerTriangles.jl\data
nothing [1, 1, 1, 0, 1, 1, 1, 4, 0, 1]
Sum:       A000142 [1, 1, 2, 6, 24, 120, 720, 5040, 40320, 362880]
EvenSum:   A128103 [1, 1, 1, 2, 12, 68, 360, 2384, 20160, 185408]
OddSum:    A262745 [0, 0, 1, 4, 12, 52, 360, 2656, 20160, 177472]
AltSum:    A009006 [1, 1, 0, -2, 0, 16, 0, -272, 0, 7936]
DiagSum:   A000800 [1, 1, 1, 2, 5, 13, 38, 125, 449, 1742]
Central:   A180056 [1, 1, 11, 302, 15619, 1310354, 162512286, 27971176092, 6382798925475, 1865385657780650]
LeftSide:  A000012 [1, 1, 1, 1, 1, 1, 1, 1, 1, 1]
RightSide: A000007 [1, 0, 0, 0, 0, 0, 0, 0, 0, 0]
PosHalf:   A000670 [1, 1, 3, 13, 75, 541, 4683, 47293, 545835, 7087261]
NegHalf:   A087674 [1, 1, -1, -3, 15, 21, -441, 477, 19935, -101979]
TransUnos: A000142 [1, 1, 2, 6, 24, 120, 720, 5040, 40320, 362880]
TransAlts: A009006 [1, 1, 0, -2, 0, 16, 0, -272, 0, 7936]
TransSqrs: [ Info: Dowloaded 0,0,1,8,64,5.json to C:\Users\User\GitHub2021\IntegerTriangles.jl\data
nothing [0, 0, 1, 8, 64, 540, 4920, 48720, 524160, 6108480]
TransNat0: B180119 [0, 0, 1, 6, 36, 240, 1800, 15120, 141120, 1451520]
TransNat1: C001710 [1, 1, 3, 12, 60, 360, 2520, 20160, 181440, 1814400]
PolyVal2:  A000670 [1, 1, 3, 13, 75, 541, 4683, 47293, 545835, 7087261]
PolyVal3:  A122704 [1, 1, 4, 22, 160, 1456, 15904, 202672, 2951680, 48361216]

=================
FibonacciTriangle

Triangle:  A193737 [1, 1, 1, 1, 2, 1, 2, 4, 3, 1]
Reverse:   A193736 [1, 1, 1, 1, 2, 1, 1, 3, 4, 2]
Inverse:   [ Info: Dowloaded 1,1,1,1,2,1,.json to C:\Users\User\GitHub2021\IntegerTriangles.jl\data
nothing [1, -1, 1, 1, -2, 1, -1, 2, -3, 1]
RevInv:    [ Info: Dowloaded 1,1,1,1,2,1,.json to C:\Users\User\GitHub2021\IntegerTriangles.jl\data

[1, 1, -1, 1, -2, 1, 1, -3, 2, -1, 1, -4, 4, 0, 1, 1, -5, 7]
┌ Warning: Not found in the local base but possibly in the OEIS!
└ @ TrianglesUtils c:\Users\User\GitHub2021\IntegerTriangles.jl\src\TrianglesUtils.jl:142

nothing [1, 1, -1, 1, -2, 1, 1, -3, 2, -1]
Diagonal:  B119473 [1, 1, 1, 1, 2, 2, 3, 4, 1, 5]
Sum:       A052542 [1, 2, 4, 10, 24, 58, 140, 338, 816, 1970]
EvenSum:   A215928 [1, 1, 2, 5, 12, 29, 70, 169, 408, 985]
OddSum:    A000129 [0, 1, 2, 5, 12, 29, 70, 169, 408, 985]
AltSum:    A000007 [1, 0, 0, 0, 0, 0, 0, 0, 0, 0]
DiagSum:   A011782 [1, 1, 2, 4, 8, 16, 32, 64, 128, 256]
Central:   A330793 [1, 2, 8, 36, 170, 826, 4088, 20496, 103752, 529100]
LeftSide:  A324969 [1, 1, 1, 2, 3, 5, 8, 13, 21, 34]
RightSide: A000012 [1, 1, 1, 1, 1, 1, 1, 1, 1, 1]
PosHalf:   A330795 [1, 3, 9, 39, 153, 615, 2457, 9831, 39321, 157287]
NegHalf:   B006131 [1, -1, 1, -5, 9, -29, 65, -181, 441, -1165]
TransUnos: A052542 [1, 2, 4, 10, 24, 58, 140, 338, 816, 1970]
TransAlts: A000007 [1, 0, 0, 0, 0, 0, 0, 0, 0, 0]
TransSqrs: [ Info: Dowloaded 0,1,6,25,92,.json to C:\Users\User\GitHub2021\IntegerTriangles.jl\data
nothing [0, 1, 6, 25, 92, 313, 1010, 3137, 9464, 27905]
TransNat0: A119915 [0, 1, 4, 13, 40, 117, 332, 921, 2512, 6761]
TransNat1: A331321 [1, 3, 8, 23, 64, 175, 472, 1259, 3328, 8731]
PolyVal2:  A052906 [1, 3, 9, 30, 99, 327, 1080, 3567, 11781, 38910]
PolyVal3:  [ Info: Dowloaded 1,4,16,68,28.json to C:\Users\User\GitHub2021\IntegerTriangles.jl\data
nothing [1, 4, 16, 68, 288, 1220, 5168, 21892, 92736, 392836]

=================
LaguerreTriangle

Triangle:  A021009 [1, 1, 1, 2, 4, 1, 6, 18, 9, 1]
Reverse:   A021010 [1, 1, 1, 1, 4, 2, 1, 9, 18, 6]
Inverse:   A021009 [1, -1, 1, 2, -4, 1, -6, 18, -9, 1]
RevInv:    A021010 [1, 1, -1, 1, -4, 2, 1, -9, 18, -6]
Diagonal:  A084950 [1, 1, 2, 1, 6, 4, 24, 18, 1, 120]
Sum:       A002720 [1, 2, 7, 34, 209, 1546, 13327, 130922, 1441729, 17572114]
EvenSum:   A331325 [1, 1, 3, 15, 97, 745, 6571, 65359, 723969, 8842257]
OddSum:    A331326 [0, 1, 4, 19, 112, 801, 6756, 65563, 717760, 8729857]
AltSum:    A009940 [1, 0, -1, -4, -15, -56, -185, -204, 6209, 112400]
DiagSum:   C001040 [1, 1, 3, 10, 43, 225, 1393, 9976, 81201, 740785]
Central:   A295383 [1, 4, 72, 2400, 117600, 7620480, 614718720, 59364264960, 6678479808000, 857813628672000]
LeftSide:  A000142 [1, 1, 2, 6, 24, 120, 720, 5040, 40320, 362880]
RightSide: A000012 [1, 1, 1, 1, 1, 1, 1, 1, 1, 1]
PosHalf:   A025167 [1, 3, 17, 139, 1473, 19091, 291793, 5129307, 101817089, 2250495523]
NegHalf:   A025166 [1, -1, 1, 7, -127, 1711, -23231, 334391, -5144063, 84149983]
TransUnos: A002720 [1, 2, 7, 34, 209, 1546, 13327, 130922, 1441729, 17572114]
TransAlts: A009940 [1, 0, -1, -4, -15, -56, -185, -204, 6209, 112400]
TransSqrs: A105219 [0, 1, 8, 63, 544, 5225, 55656, 653023, 8379008, 116780049]
TransNat0: A103194 [0, 1, 6, 39, 292, 2505, 24306, 263431, 3154824, 41368977]
TransNat1: C000262 [1, 3, 13, 73, 501, 4051, 37633, 394353, 4596553, 58941091]
PolyVal2:  A087912 [1, 3, 14, 86, 648, 5752, 58576, 671568, 8546432, 119401856]
PolyVal3:  A277382 [1, 4, 23, 168, 1473, 14988, 173007, 2228544, 31636449, 490102164]

=================
LahTriangle

Triangle:  A111596 [1, 0, 1, 0, 2, 1, 0, 6, 6, 1]
Reverse:   nothing [1, 1, 0, 1, 2, 0, 1, 6, 6, 0]
Inverse:   A111596 [1, 0, 1, 0, -2, 1, 0, 6, -6, 1]
RevInv:    nothing [1, 1, 0, 1, -2, 0, 1, -6, 6, 0]
Diagonal:  A330609 [1, 0, 0, 1, 0, 2, 0, 6, 1, 0]
Sum:       A000262 [1, 1, 3, 13, 73, 501, 4051, 37633, 394353, 4596553]
EvenSum:   A088312 [1, 0, 1, 6, 37, 260, 2101, 19362, 201097, 2326536]
OddSum:    A088313 [0, 1, 2, 7, 36, 241, 1950, 18271, 193256, 2270017]
AltSum:    A111884 [1, -1, -1, -1, 1, 19, 151, 1091, 7841, 56519]
DiagSum:   A001053 [1, 0, 1, 2, 7, 30, 157, 972, 6961, 56660]
Central:   A187535 [1, 2, 36, 1200, 58800, 3810240, 307359360, 29682132480, 3339239904000, 428906814336000]
LeftSide:  A000007 [1, 0, 0, 0, 0, 0, 0, 0, 0, 0]
RightSide: A000012 [1, 1, 1, 1, 1, 1, 1, 1, 1, 1]
PosHalf:   A025168 [1, 1, 5, 37, 361, 4361, 62701, 1044205, 19748177, 417787921]
NegHalf:   A318223 [1, 1, -3, 13, -71, 441, -2699, 9157, 206193, -8443151]
TransUnos: A000262 [1, 1, 3, 13, 73, 501, 4051, 37633, 394353, 4596553]
TransAlts: A111884 [1, -1, -1, -1, 1, 19, 151, 1091, 7841, 56519]
TransSqrs: A103194 [0, 1, 6, 39, 292, 2505, 24306, 263431, 3154824, 41368977]
TransNat0: A052852 [0, 1, 4, 21, 136, 1045, 9276, 93289, 1047376, 12975561]
TransNat1: A002720 [1, 2, 7, 34, 209, 1546, 13327, 130922, 1441729, 17572114]
PolyVal2:  A052897 [1, 2, 8, 44, 304, 2512, 24064, 261536, 3173888, 42483968]
PolyVal3:  A255806 [1, 3, 15, 99, 801, 7623, 83079, 1017495, 13808097, 205374123]

=================
MotzkinTriangle

Triangle:  A064189 [1, 1, 1, 2, 2, 1, 4, 5, 3, 1]
Reverse:   A026300 [1, 1, 1, 1, 2, 2, 1, 3, 5, 4]
Inverse:   A101950 [1, -1, 1, 0, -2, 1, 1, 1, -3, 1]
RevInv:    nothing [1, 1, -1, 1, -2, 0, 1, -3, 1, 1]
Diagonal:  A106489 [1, 1, 2, 1, 4, 2, 9, 5, 1, 21]
Sum:       C005773 [1, 2, 5, 13, 35, 96, 267, 750, 2123, 6046]
EvenSum:   A002426 [1, 1, 3, 7, 19, 51, 141, 393, 1107, 3139]
OddSum:    B005717 [0, 1, 2, 6, 16, 45, 126, 357, 1016, 2907]
AltSum:    A005043 [1, 0, 1, 1, 3, 6, 15, 36, 91, 232]
DiagSum:   [1, 1, 3, 6, 15, 36, 91, 232, 603, 1585, 4213, 11298, 30537, 83097, 227475, 625992, 1730787, 4805595]
┌ Warning: Not found in the local base but possibly in the OEIS!
└ @ TrianglesUtils c:\Users\User\GitHub2021\IntegerTriangles.jl\src\TrianglesUtils.jl:142

nothing [1, 1, 3, 6, 15, 36, 91, 232, 603, 1585]
Central:   A026302 [1, 2, 9, 44, 230, 1242, 6853, 38376, 217242, 1239980]
LeftSide:  A001006 [1, 1, 2, 4, 9, 21, 51, 127, 323, 835]
RightSide: A000012 [1, 1, 1, 1, 1, 1, 1, 1, 1, 1]
PosHalf:   A330799 [1, 3, 13, 59, 285, 1419, 7245, 37659, 198589, 1059371]
NegHalf:   A330800 [1, -1, 5, -17, 77, -345, 1653, -8097, 40733, -208553]
TransUnos: C005773 [1, 2, 5, 13, 35, 96, 267, 750, 2123, 6046]
TransAlts: A005043 [1, 0, 1, 1, 3, 6, 15, 36, 91, 232]
TransSqrs: [ Info: Dowloaded 0,1,6,26,100.json to C:\Users\User\GitHub2021\IntegerTriangles.jl\data
nothing [0, 1, 6, 26, 100, 361, 1254, 4245, 14108, 46247]
TransNat0: A330796 [0, 1, 4, 14, 46, 147, 462, 1437, 4438, 13637]
TransNat1: A000244 [1, 3, 9, 27, 81, 243, 729, 2187, 6561, 19683]
PolyVal2:  A059738 [1, 3, 10, 34, 117, 405, 1407, 4899, 17083, 59629]
PolyVal3:  [ Info: Dowloaded 1,4,17,73,31.json to C:\Users\User\GitHub2021\IntegerTriangles.jl\data
nothing [1, 4, 17, 73, 315, 1362, 5895, 25528, 110579, 479068]

=================
NarayanaTriangle

Triangle:  A090181 [1, 0, 1, 0, 1, 1, 0, 1, 3, 1]
Reverse:   A131198 [1, 1, 0, 1, 1, 0, 1, 3, 1, 0]
Inverse:   [ Info: Dowloaded 1,0,1,0,1,1,.json to C:\Users\User\GitHub2021\IntegerTriangles.jl\data

[1, 0, 1, 0, -1, 1, 0, 2, -3, 1, 0, -7, 12, -6, 1, 0, 39, -70]
┌ Warning: Not found in the local base but possibly in the OEIS!
└ @ TrianglesUtils c:\Users\User\GitHub2021\IntegerTriangles.jl\src\TrianglesUtils.jl:142

nothing [1, 0, 1, 0, -1, 1, 0, 2, -3, 1]
RevInv:    [ Info: Dowloaded 1,1,0,1,1,0,.json to C:\Users\User\GitHub2021\IntegerTriangles.jl\data

[1, 1, 0, 1, -1, 0, 1, -3, 2, 0, 1, -6, 12, -7, 0, 1, -10, 40]
┌ Warning: Not found in the local base but possibly in the OEIS!
└ @ TrianglesUtils c:\Users\User\GitHub2021\IntegerTriangles.jl\src\TrianglesUtils.jl:142

nothing [1, 1, 0, 1, -1, 0, 1, -3, 2, 0]
Diagonal:  [ Info: Dowloaded 1,0,0,1,0,1,.json to C:\Users\User\GitHub2021\IntegerTriangles.jl\data
nothing [1, 0, 0, 1, 0, 1, 0, 1, 1, 0]
Sum:       A000108 [1, 1, 2, 5, 14, 42, 132, 429, 1430, 4862]
EvenSum:   B071688 [1, 0, 1, 3, 7, 20, 66, 217, 715, 2424]
OddSum:    B071684 [0, 1, 1, 2, 7, 22, 66, 212, 715, 2438]
AltSum:    A090192 [1, -1, 0, 1, 0, -2, 0, 5, 0, -14]
DiagSum:   [ Info: Dowloaded 1,0,1,1,2,4,.json to C:\Users\User\GitHub2021\IntegerTriangles.jl\data
nothing [1, 0, 1, 1, 2, 4, 8, 17, 37, 82]
Central:   A125558 [1, 1, 6, 50, 490, 5292, 60984, 736164, 9202050, 118195220]
LeftSide:  A000007 [1, 0, 0, 0, 0, 0, 0, 0, 0, 0]
RightSide: A000012 [1, 1, 1, 1, 1, 1, 1, 1, 1, 1]
PosHalf:   A001003 [1, 1, 3, 11, 45, 197, 903, 4279, 20793, 103049]
NegHalf:   A154825 [1, 1, -1, -1, 5, -3, -21, 51, 41, -391]
TransUnos: A000108 [1, 1, 2, 5, 14, 42, 132, 429, 1430, 4862]
TransAlts: A090192 [1, -1, 0, 1, 0, -2, 0, 5, 0, -14]
TransSqrs: B141222 [0, 1, 5, 22, 95, 406, 1722, 7260, 30459, 127270]
TransNat0: B001700 [0, 1, 3, 10, 35, 126, 462, 1716, 6435, 24310]
TransNat1: A189176 [1, 2, 5, 15, 49, 168, 594, 2145, 7865, 29172]
PolyVal2:  A006318 [1, 2, 6, 22, 90, 394, 1806, 8558, 41586, 206098]
PolyVal3:  A047891 [1, 3, 12, 57, 300, 1686, 9912, 60213, 374988, 2381322]

=================
SchröderBTriangle

Triangle:  A122538 [1, 0, 1, 0, 2, 1, 0, 6, 4, 1]
Reverse:   [ Info: Dowloaded 1,1,0,1,2,0,.json to C:\Users\User\GitHub2021\IntegerTriangles.jl\data

[1, 1, 0, 1, 2, 0, 1, 4, 6, 0, 1, 6, 16, 22, 0, 1, 8, 30]
┌ Warning: Not found in the local base but possibly in the OEIS!
└ @ TrianglesUtils c:\Users\User\GitHub2021\IntegerTriangles.jl\src\TrianglesUtils.jl:142

nothing [1, 1, 0, 1, 2, 0, 1, 4, 6, 0]
Inverse:   A122542 [1, 0, 1, 0, -2, 1, 0, 2, -4, 1]
RevInv:    A266213 [1, 1, 0, 1, -2, 0, 1, -4, 2, 0]
Diagonal:  [ Info: Dowloaded 1,0,0,1,0,2,.json to C:\Users\User\GitHub2021\IntegerTriangles.jl\data
nothing [1, 0, 0, 1, 0, 2, 0, 6, 1, 0]
Sum:       A001003 [1, 1, 3, 11, 45, 197, 903, 4279, 20793, 103049]
EvenSum:   [ Info: Dowloaded 1,0,1,4,17,7.json to C:\Users\User\GitHub2021\IntegerTriangles.jl\data
nothing [1, 0, 1, 4, 17, 76, 353, 1688, 8257, 41128]
OddSum:    B010683 [0, 1, 2, 7, 28, 121, 550, 2591, 12536, 61921]
AltSum:    B001003 [1, -1, -1, -3, -11, -45, -197, -903, -4279, -20793]
DiagSum:   [ Info: Dowloaded 1,0,1,2,7,26.json to C:\Users\User\GitHub2021\IntegerTriangles.jl\data
nothing [1, 0, 1, 2, 7, 26, 107, 468, 2141, 10124]
Central:   A103885 [1, 2, 16, 146, 1408, 14002, 142000, 1459810, 15158272, 158611106]
LeftSide:  A000007 [1, 0, 0, 0, 0, 0, 0, 0, 0, 0]
RightSide: A000012 [1, 1, 1, 1, 1, 1, 1, 1, 1, 1]
PosHalf:   B330802 [1, 1, 5, 33, 253, 2121, 18853, 174609, 1667021, 16290969]
NegHalf:   B330803 [1, 1, -3, 17, -123, 1001, -8739, 79969, -756939, 7349657]
TransUnos: A001003 [1, 1, 3, 11, 45, 197, 903, 4279, 20793, 103049]
TransAlts: B001003 [1, -1, -1, -3, -11, -45, -197, -903, -4279, -20793]
TransSqrs: A065096 [0, 1, 6, 31, 156, 785, 3978, 20335, 104856, 545073]
TransNat0: B239204 [0, 1, 4, 17, 76, 353, 1688, 8257, 41128, 207905]
TransNat1: A010683 [1, 2, 7, 28, 121, 550, 2591, 12536, 61921, 310954]
PolyVal2:  A109980 [1, 2, 8, 36, 172, 852, 4324, 22332, 116876, 618084]
PolyVal3:  [ Info: Dowloaded 1,3,15,81,45.json to C:\Users\User\GitHub2021\IntegerTriangles.jl\data
nothing [1, 3, 15, 81, 453, 2583, 14907, 86733, 507561, 2982987]

=================
SchröderLTriangle

Triangle:  A172094 [1, 1, 1, 3, 4, 1, 11, 17, 7, 1]
Reverse:   [ Info: Dowloaded 1,1,1,1,4,3,.json to C:\Users\User\GitHub2021\IntegerTriangles.jl\data
nothing [1, 1, 1, 1, 4, 3, 1, 7, 17, 11]
Inverse:   A331969 [1, -1, 1, 1, -4, 1, -1, 11, -7, 1]
RevInv:    [ Info: Dowloaded 1,1,1,1,4,1,.json to C:\Users\User\GitHub2021\IntegerTriangles.jl\data
nothing [1, 1, -1, 1, -4, 1, 1, -7, 11, -1]
Diagonal:  [ Info: Dowloaded 1,1,3,1,11,4.json to C:\Users\User\GitHub2021\IntegerTriangles.jl\data
nothing [1, 1, 3, 1, 11, 4, 45, 17, 1, 197]
Sum:       A109980 [1, 2, 8, 36, 172, 852, 4324, 22332, 116876, 618084]
EvenSum:   B225887 [1, 1, 4, 18, 86, 426, 2162, 11166, 58438, 309042]
OddSum:    B225887 [0, 1, 4, 18, 86, 426, 2162, 11166, 58438, 309042]
AltSum:    A000007 [1, 0, 0, 0, 0, 0, 0, 0, 0, 0]
DiagSum:   [ Info: Dowloaded 1,1,4,15,63,.json to C:\Users\User\GitHub2021\IntegerTriangles.jl\data
nothing [1, 1, 4, 15, 63, 280, 1297, 6193, 30268, 150687]
Central:   [ Info: Dowloaded 1,4,40,458,5.json to C:\Users\User\GitHub2021\IntegerTriangles.jl\data
nothing [1, 4, 40, 458, 5558, 69660, 891154, 11563214, 151605142, 2003523032]
LeftSide:  A001003 [1, 1, 3, 11, 45, 197, 903, 4279, 20793, 103049]
RightSide: A000012 [1, 1, 1, 1, 1, 1, 1, 1, 1, 1]
PosHalf:   A331328 [1, 3, 21, 171, 1509, 13995, 134277, 1320651, 13237221, 134682219]
NegHalf:   B330802 [1, -1, 5, -33, 253, -2121, 18853, -174609, 1667021, -16290969]
TransUnos: A109980 [1, 2, 8, 36, 172, 852, 4324, 22332, 116876, 618084]
TransAlts: A000007 [1, 0, 0, 0, 0, 0, 0, 0, 0, 0]
TransSqrs: [ Info: Dowloaded 0,1,8,54,342.json to C:\Users\User\GitHub2021\IntegerTriangles.jl\data
nothing [0, 1, 8, 54, 342, 2098, 12634, 75190, 443934, 2606330]
TransNat0: [ Info: Dowloaded 0,1,6,34,190.json to C:\Users\User\GitHub2021\IntegerTriangles.jl\data
nothing [0, 1, 6, 34, 190, 1058, 5890, 32822, 183158, 1023658]
TransNat1: [ Info: Dowloaded 1,3,14,70,36.json to C:\Users\User\GitHub2021\IntegerTriangles.jl\data
nothing [1, 3, 14, 70, 362, 1910, 10214, 55154, 300034, 1641742]
PolyVal2:  [ Info: Dowloaded 1,3,15,81,45.json to C:\Users\User\GitHub2021\IntegerTriangles.jl\data
nothing [1, 3, 15, 81, 453, 2583, 14907, 86733, 507561, 2982987]
PolyVal3:  [ Info: Dowloaded 1,4,24,152,9.json to C:\Users\User\GitHub2021\IntegerTriangles.jl\data
nothing [1, 4, 24, 152, 984, 6440, 42408, 280312, 1857336, 12326792]

=================
StirlingCycleTriangle

Triangle:  A048994 [1, 0, 1, 0, 1, 1, 0, 2, 3, 1]
Reverse:   A054654 [1, 1, 0, 1, 1, 0, 1, 3, 2, 0]
Inverse:   A048993 [1, 0, 1, 0, -1, 1, 0, 1, -3, 1]
RevInv:    A106800 [1, 1, 0, 1, -1, 0, 1, -3, 1, 0]
Diagonal:  A331327 [1, 0, 0, 1, 0, 1, 0, 2, 1, 0]
Sum:       A000142 [1, 1, 2, 6, 24, 120, 720, 5040, 40320, 362880]
EvenSum:   A105752 [1, 0, 1, 3, 12, 60, 360, 2520, 20160, 181440]
OddSum:    D001710 [0, 1, 1, 3, 12, 60, 360, 2520, 20160, 181440]
AltSum:    A019590 [1, -1, 0, 0, 0, 0, 0, 0, 0, 0]
DiagSum:   [ Info: Dowloaded 1,0,1,1,3,9,.json to C:\Users\User\GitHub2021\IntegerTriangles.jl\data
nothing [1, 0, 1, 1, 3, 9, 36, 176, 1030, 7039]
Central:   A187646 [1, 1, 11, 225, 6769, 269325, 13339535, 790943153, 54631129553, 4308105301929]
LeftSide:  A000007 [1, 0, 0, 0, 0, 0, 0, 0, 0, 0]
RightSide: A000012 [1, 1, 1, 1, 1, 1, 1, 1, 1, 1]
PosHalf:   A001147 [1, 1, 3, 15, 105, 945, 10395, 135135, 2027025, 34459425]
NegHalf:   A330797 [1, 1, -1, 3, -15, 105, -945, 10395, -135135, 2027025]
TransUnos: A000142 [1, 1, 2, 6, 24, 120, 720, 5040, 40320, 362880]
TransAlts: A019590 [1, -1, 0, 0, 0, 0, 0, 0, 0, 0]
TransSqrs: B151881 [0, 1, 5, 23, 120, 724, 5012, 39332, 345832, 3371976]
TransNat0: A000254 [0, 1, 3, 11, 50, 274, 1764, 13068, 109584, 1026576]
TransNat1: A000774 [1, 2, 5, 17, 74, 394, 2484, 18108, 149904, 1389456]
PolyVal2:  C000142 [1, 2, 6, 24, 120, 720, 5040, 40320, 362880, 3628800]
PolyVal3:  [ Info: Dowloaded 1,3,12,60,36.json to C:\Users\User\GitHub2021\IntegerTriangles.jl\data

[1, 3, 12, 60, 360, 2520, 20160, 181440, 1814400, 19958400, 239500800, 3113510400, 43589145600, 653837184000, 10461394944000, 177843714048000, 3201186852864000, 60822550204416000]
┌ Warning: Not found in the local base but possibly in the OEIS!
└ @ TrianglesUtils c:\Users\User\GitHub2021\IntegerTriangles.jl\src\TrianglesUtils.jl:142

nothing [1, 3, 12, 60, 360, 2520, 20160, 181440, 1814400, 19958400]

=================
StirlingSetTriangle

Triangle:  A048993 [1, 0, 1, 0, 1, 1, 0, 1, 3, 1]
Reverse:   A106800 [1, 1, 0, 1, 1, 0, 1, 3, 1, 0]
Inverse:   A048994 [1, 0, 1, 0, -1, 1, 0, 2, -3, 1]
RevInv:    A054654 [1, 1, 0, 1, -1, 0, 1, -3, 2, 0]
Diagonal:  [ Info: Dowloaded 1,0,0,1,0,1,.json to C:\Users\User\GitHub2021\IntegerTriangles.jl\data
nothing [1, 0, 0, 1, 0, 1, 0, 1, 1, 0]
Sum:       A000110 [1, 1, 2, 5, 15, 52, 203, 877, 4140, 21147]
EvenSum:   A024430 [1, 0, 1, 3, 8, 25, 97, 434, 2095, 10707]
OddSum:    A024429 [0, 1, 1, 2, 7, 27, 106, 443, 2045, 10440]
AltSum:    A000587 [1, -1, 0, 1, 1, -2, -9, -9, 50, 267]
DiagSum:   A171367 [1, 0, 1, 1, 2, 4, 9, 22, 58, 164]
Central:   A007820 [1, 1, 7, 90, 1701, 42525, 1323652, 49329280, 2141764053, 106175395755]
LeftSide:  A000007 [1, 0, 0, 0, 0, 0, 0, 0, 0, 0]
RightSide: A000012 [1, 1, 1, 1, 1, 1, 1, 1, 1, 1]
PosHalf:   A004211 [1, 1, 3, 11, 49, 257, 1539, 10299, 75905, 609441]
NegHalf:   A009235 [1, 1, -1, -1, 9, -23, -25, 583, -3087, 4401]
TransUnos: A000110 [1, 1, 2, 5, 15, 52, 203, 877, 4140, 21147]
TransAlts: A000587 [1, -1, 0, 1, 1, -2, -9, -9, 50, 267]
TransSqrs: A033452 [0, 1, 5, 22, 99, 471, 2386, 12867, 73681, 446620]
TransNat0: B005493 [0, 1, 3, 10, 37, 151, 674, 3263, 17007, 94828]
TransNat1: C000110 [1, 2, 5, 15, 52, 203, 877, 4140, 21147, 115975]
PolyVal2:  A001861 [1, 2, 6, 22, 94, 454, 2430, 14214, 89918, 610182]
PolyVal3:  A027710 [1, 3, 12, 57, 309, 1866, 12351, 88563, 681870, 5597643]

=================
T008279

Triangle:  A008279 [1, 1, 1, 1, 2, 2, 1, 3, 6, 6]
Reverse:   A094587 [1, 1, 1, 2, 2, 1, 6, 6, 3, 1]
InvRev:    A128229 [1, -1, 1, 0, -2, 1, 0, 0, -3, 1]
Diagonal:  [ Info: Dowloaded 1,1,1,1,1,2,.json to C:\Users\User\GitHub2021\IntegerTriangles.jl\data
nothing [1, 1, 1, 1, 1, 2, 1, 3, 2, 1]
Sum:       A000522 [1, 2, 5, 16, 65, 326, 1957, 13700, 109601, 986410]
EvenSum:   A087208 [1, 1, 3, 7, 37, 141, 1111, 5923, 62217, 426457]
OddSum:    B002747 [0, 1, 2, 9, 28, 185, 846, 7777, 47384, 559953]
AltSum:    A000166 [1, 0, 1, -2, 9, -44, 265, -1854, 14833, -133496]
DiagSum:   A122852 [1, 1, 2, 3, 6, 11, 24, 51, 122, 291]
Central:   A001813 [1, 2, 12, 120, 1680, 30240, 665280, 17297280, 518918400, 17643225600]
LeftSide:  A000012 [1, 1, 1, 1, 1, 1, 1, 1, 1, 1]
RightSide: A000142 [1, 1, 2, 6, 24, 120, 720, 5040, 40320, 362880]
PosHalf:   A010842 [1, 3, 10, 38, 168, 872, 5296, 37200, 297856, 2681216]
NegHalf:   A000023 [1, -1, 2, -2, 8, 8, 112, 656, 5504, 49024]
TransUnos: A000522 [1, 2, 5, 16, 65, 326, 1957, 13700, 109601, 986410]
TransAlts: A000166 [1, 0, 1, -2, 9, -44, 265, -1854, 14833, -133496]
TransSqrs: [ Info: Dowloaded 0,1,10,81,65.json to C:\Users\User\GitHub2021\IntegerTriangles.jl\data
nothing [0, 1, 10, 81, 652, 5545, 50886, 506905, 5480056, 64116657]
TransNat0: A093964 [0, 1, 6, 33, 196, 1305, 9786, 82201, 767208, 7891281]
TransNat1: A001339 [1, 3, 11, 49, 261, 1631, 11743, 95901, 876809, 8877691]
PolyVal2:  A010844 [1, 3, 13, 79, 633, 6331, 75973, 1063623, 17017969, 306323443]
PolyVal3:  A010845 [1, 4, 25, 226, 2713, 40696, 732529, 15383110, 369194641, 9968255308]
Main.TriangleTraitCard

